    1.0000   13.4727
    1.1000   13.7597
    1.2000   14.4309
    1.3000   14.1250
    1.4000   14.8321
    1.5000   14.1917
    1.6000   13.8398
    1.7000   13.7806
    1.8000   14.5423
    1.9000   13.7160
    2.0000   13.5124
    2.1000   13.6142
    2.2000   12.0973
    2.3000   11.4819
    2.4000   12.5337
    2.5000   11.2585
    2.6000   12.0626
    2.7000   11.8908
    2.8000   12.7205
    2.9000   11.7091
    3.0000   13.9810
    3.1000   12.5475
    3.2000   12.4181
    3.3000   14.2881
    3.4000   16.9588
    3.5000   18.1222
    3.6000   17.6391
    3.7000   21.1520
    3.8000   21.5198
    3.9000   20.8231
    4.0000   24.6957
    4.1000   24.8927
    4.2000   25.4797
    4.3000   26.4190
    4.4000   31.0911
    4.5000   32.7209
    4.6000   29.8965
    4.7000   32.0097
    4.8000   31.9557
    4.9000   34.1462
    5.0000   34.8689
    5.1000   37.0007
    5.2000   36.0096
    5.3000   38.5165
    5.4000   34.9678
    5.5000   34.3445
    5.6000   34.8659
    5.7000   36.7280
    5.8000   36.3361
    5.9000   35.6231
    6.0000   35.9407
    6.1000   36.2181
    6.2000   33.0705
    6.3000   32.6563
    6.4000   33.8165
    6.5000   34.9612
    6.6000   36.1797
    6.7000   32.3381
    6.8000   31.8340
    6.9000   31.3804
    7.0000   33.2692
    7.1000   31.8572
    7.2000   34.6575
    7.3000   33.9315
    7.4000   38.4543
    7.5000   41.8777
    7.6000   43.2731
    7.7000   41.8660
    7.8000   45.0008
    7.9000   43.8162
    8.0000   42.1548
    8.1000   45.0217
    8.2000   46.6749
    8.3000   50.8213
    8.4000   48.1421
    8.5000   52.2824
    8.6000   54.7976
    8.7000   58.1440
    8.8000   57.6275
    8.9000   59.6386
    9.0000   53.6825
    9.1000   58.6294
    9.2000   54.6941
    9.3000   60.5201
    9.4000   56.8659
    9.5000   60.3162
    9.6000   61.9787
    9.7000   53.2963
    9.8000   57.1071
    9.9000   55.8408
   10.0000   59.9049
